--Made by Vibewithadriann#0001
--Enjoy the Script.
--Unnamed ESP is made by ic3w0lf22.

local Library = loadstring(game:HttpGet("https://raw.githubusercontent.com/xHeptc/Kavo-UI-Library/main/source.lua"))()

local Window = Library.CreateLib("Prison X                  Vibewithadriann#0001", "Sentinel")

local Weapons = Window:NewTab("Weapons")
local FunStuff = Window:NewTab("Fun Stuff")
local Visuals = Window:NewTab("Visuals")
local Teleports = Window:NewTab("Teleports")

local GiverSection = Weapons:NewSection("Givers")
local KillSection = FunStuff:NewSection("Kill")
local OtherStuffSection = FunStuff:NewSection("Other Stuff")
local VisualsSection = Visuals:NewSection("Visuals")
local TeleportsSection = Teleports:NewSection("Teleports")
GiverSection:NewButton("Get Shotgun", "Click this to get a Shotgun", function()
    local A_1 = game:GetService("Workspace")["Prison_ITEMS"].giver["Remington 870"].ITEMPICKUP
local Event = game:GetService("Workspace").Remote.ItemHandler
Event:InvokeServer(A_1)
end)
GiverSection:NewButton("Get Pistol", "CLick here to get a Pistol", function()
    local A_1 = game:GetService("Workspace")["Prison_ITEMS"].giver.M9.ITEMPICKUP
local Event = game:GetService("Workspace").Remote.ItemHandler
Event:InvokeServer(A_1)
end)
GiverSection:NewButton("Get AKA", "Click here to get an AKA", function()
    local A_1 = game:GetService("Workspace")["Prison_ITEMS"].giver["AK-47"].ITEMPICKUP
local Event = game:GetService("Workspace").Remote.ItemHandler
Event:InvokeServer(A_1)
end)
GiverSection:NewButton("Get Hammer", "Click here for Hammer", function()
    local A_1 = game:GetService("Workspace")["Prison_ITEMS"].single.Hammer.ITEMPICKUP
    local Event = game:GetService("Workspace").Remote.ItemHandler
    Event:InvokeServer(A_1)    
end)

KillSection:NewButton("Super Punch", "Whenever you press F to punch someone, they instantly die", function()
    mainRemotes = game.ReplicatedStorage
    meleeRemote = mainRemotes['meleeEvent']
    mouse = game.Players.LocalPlayer:GetMouse()
    punching = false
    cooldown = false
    
    function punch()
    cooldown = true
    local part = Instance.new("Part", game.Players.LocalPlayer.Character)
    part.Transparency = 1
    part.Size = Vector3.new(5, 2, 3)
    part.CanCollide = false
    local w1 = Instance.new("Weld", part)
    w1.Part0 = game.Players.LocalPlayer.Character.Torso
    w1.Part1 = part
    w1.C1 = CFrame.new(0,0,2)
    part.Touched:connect(function(hit)
    if game.Players:FindFirstChild(hit.Parent.Name) then
    local plr = game.Players:FindFirstChild(hit.Parent.Name)
    if plr.Name ~= game.Players.LocalPlayer.Name then
    part:Destroy()
    
    for i = 1,100 do
    meleeRemote:FireServer(plr)
    end
    end
    end
    end)
    
    wait(1)
    cooldown = false
    part:Destroy()
    end
    
    
    mouse.KeyDown:connect(function(key)
    if cooldown == false then
    if key:lower() == "f" then
    
    punch()
    
    end
    end
    end)
end)

OtherStuffSection:NewButton("Fly", "Press E to Fly", function()
	repeat wait()
    until game.Players.LocalPlayer and game.Players.LocalPlayer.Character and game.Players.LocalPlayer.Character:findFirstChild("Torso") and game.Players.LocalPlayer.Character:findFirstChild("Humanoid")
 local mouse = game.Players.LocalPlayer:GetMouse()
 repeat wait() until mouse
 local plr = game.Players.LocalPlayer
 local torso = plr.Character.Torso
 local flying = true
 local deb = true
 local ctrl = {f = 0, b = 0, l = 0, r = 0}
 local lastctrl = {f = 0, b = 0, l = 0, r = 0}
 local maxspeed = 50
 local speed = 0
 
 function Fly()
 local bg = Instance.new("BodyGyro", torso)
 bg.P = 9e4
 bg.maxTorque = Vector3.new(9e9, 9e9, 9e9)
 bg.cframe = torso.CFrame
 local bv = Instance.new("BodyVelocity", torso)
 bv.velocity = Vector3.new(0,0.1,0)
 bv.maxForce = Vector3.new(9e9, 9e9, 9e9)
 repeat wait()
 plr.Character.Humanoid.PlatformStand = true
 if ctrl.l + ctrl.r ~= 0 or ctrl.f + ctrl.b ~= 0 then
 speed = speed+.5+(speed/maxspeed)
 if speed > maxspeed then
 speed = maxspeed
 end
 elseif not (ctrl.l + ctrl.r ~= 0 or ctrl.f + ctrl.b ~= 0) and speed ~= 0 then
 speed = speed-1
 if speed < 0 then
 speed = 0
 end
 end
 if (ctrl.l + ctrl.r) ~= 0 or (ctrl.f + ctrl.b) ~= 0 then
 bv.velocity = ((game.Workspace.CurrentCamera.CoordinateFrame.lookVector * (ctrl.f+ctrl.b)) + ((game.Workspace.CurrentCamera.CoordinateFrame * CFrame.new(ctrl.l+ctrl.r,(ctrl.f+ctrl.b)*.2,0).p) - game.Workspace.CurrentCamera.CoordinateFrame.p))*speed
 lastctrl = {f = ctrl.f, b = ctrl.b, l = ctrl.l, r = ctrl.r}
 elseif (ctrl.l + ctrl.r) == 0 and (ctrl.f + ctrl.b) == 0 and speed ~= 0 then
 bv.velocity = ((game.Workspace.CurrentCamera.CoordinateFrame.lookVector * (lastctrl.f+lastctrl.b)) + ((game.Workspace.CurrentCamera.CoordinateFrame * CFrame.new(lastctrl.l+lastctrl.r,(lastctrl.f+lastctrl.b)*.2,0).p) - game.Workspace.CurrentCamera.CoordinateFrame.p))*speed
 else
 bv.velocity = Vector3.new(0,0.1,0)
 end
 bg.cframe = game.Workspace.CurrentCamera.CoordinateFrame * CFrame.Angles(-math.rad((ctrl.f+ctrl.b)*50*speed/maxspeed),0,0)
 until not flying
 ctrl = {f = 0, b = 0, l = 0, r = 0}
 lastctrl = {f = 0, b = 0, l = 0, r = 0}
 speed = 0
 bg:Destroy()
 bv:Destroy()
 plr.Character.Humanoid.PlatformStand = false
 end
 mouse.KeyDown:connect(function(key)
 if key:lower() == "e" then
 if flying then flying = false
 else
 flying = true
 Fly()
 end
 elseif key:lower() == "w" then
 ctrl.f = 1
 elseif key:lower() == "s" then
 ctrl.b = -1
 elseif key:lower() == "a" then
 ctrl.l = -1
 elseif key:lower() == "d" then
 ctrl.r = 1
 end
 end)
 mouse.KeyUp:connect(function(key)
 if key:lower() == "w" then
 ctrl.f = 0
 elseif key:lower() == "s" then
 ctrl.b = 0
 elseif key:lower() == "a" then
 ctrl.l = 0
 elseif key:lower() == "d" then
 ctrl.r = 0
 end
 end)
 Fly()
end)
OtherStuffSection:NewButton("CTRL Delete", "hold down CTRL and click parts you want to remove", function()
local Plr = game:GetService("Players").LocalPlayer
local Mouse = Plr:GetMouse()
 
Mouse.Button1Down:connect(function()
if not game:GetService("UserInputService"):IsKeyDown(Enum.KeyCode.LeftControl) then return end
if not Mouse.Target then return end
Mouse.Target:Destroy()
end)
end)

OtherStuffSection:NewSlider("Walkspeed", "Increases your walking speed", 500, 16, function(s) -- Valoarea minima este de 16 si valoarea maxima este de 500
    game.Players.LocalPlayer.Character.Humanoid.WalkSpeed = s
end)
OtherStuffSection:NewButton("Arrest All", "Arrest all criminals", function()
    local Player = game.Players.LocalPlayer
local cpos = Player.Character.HumanoidRootPart.CFrame
for i,v in pairs(game.Teams.Criminals:GetPlayers()) do
if v.Name ~= Player.Name then
local i = 10
 repeat
 wait()
 i = i-1
 game.Workspace.Remote.arrest:InvokeServer(v.Character.HumanoidRootPart)
 Player.Character.HumanoidRootPart.CFrame = v.Character.HumanoidRootPart.CFrame * CFrame.new(0, 0, 1)
 until i == 0
end
end
game:GetService("StarterGui"):SetCore("SendNotification", {
 Title = "Arrested all of the n00bs";
 Text = "Yay!"
})
end)
VisualsSection:NewButton("Unnamed ESP", "Gives you ESP", function()
    loadstring(game:HttpGet('https://raw.githubusercontent.com/ic3w0lf22/Unnamed-ESP/master/UnnamedESP.lua'))()
end)

TeleportsSection:NewButton("Criminal Base", "Teleports you", function()
	game.Players.LocalPlayer.Character.HumanoidRootPart.CFrame = CFrame.new(-976.108887, 109.323769, 2069.42969, -0.682755232, -5.9543062e-08, -0.730647147, -1.97913614e-08, 1, -6.29994972e-08, 0.730647147, -2.85527371e-08, -0.682755232)
end)
TeleportsSection:NewButton("Prison", "Teleports you", function()
	game.Players.LocalPlayer.Character.HumanoidRootPart.CFrame = CFrame.new(905.493835, 99.9899826, 2363.0437, -0.355810732, -1.00870956e-07, 0.934558034, -5.7942664e-08, 1, 8.58740989e-08, -0.934558034, -2.35958559e-08, -0.355810732)
end)
TeleportsSection:NewButton("Secret Prison Place", "Teleports you", function()
	game.Players.LocalPlayer.Character.HumanoidRootPart.CFrame = CFrame.new(689.170776, 99.9899826, 2370.47607, -0.951393962, 8.21087411e-08, -0.307976484, 6.74294327e-08, 1, 5.83057087e-08, 0.307976484, 3.47050175e-08, -0.951393962)
end)
TeleportsSection:NewButton("Secret place under dirt", "Teleports you", function()
	game.Players.LocalPlayer.Character.HumanoidRootPart.CFrame = CFrame.new(527.545471, 89.039917, 2574.20264, -0.883087575, 8.91212348e-09, -0.469208211, 3.07656869e-08, 1, -3.89095334e-08, 0.469208211, -4.87960392e-08, -0.883087575)
end)
TeleportsSection:NewButton("Gun Room", "Teleports you", function()
	game.Players.LocalPlayer.Character.HumanoidRootPart.CFrame = CFrame.new(839.769165, 99.9899826, 2265.77563, 0.207134143, -3.74790226e-08, 0.978312552, -8.42310754e-08, 1, 5.61437723e-08, -0.978312552, -9.40336093e-08, 0.207134143)
end)
TeleportsSection:NewButton("Yard", "Teleports you", function()
	game.Players.LocalPlayer.Character.HumanoidRootPart.CFrame = CFrame.new(801.470947, 97.9999237, 2464.30859, -0.189352542, -7.49056142e-08, 0.981909156, -3.96865012e-08, 1, 6.86324952e-08, -0.981909156, -2.59728026e-08, -0.189352542)
end)
